-1099.17 497.519 -187.269
1298.98 -413.869 90.3983
204.205 -158.518 -100.35
-1167.54 1513.9 -1173.99
114.3 -322.187 258.164
1113.2 -1415.11 1658.29
-417.38 -35.0894 -579.142
-1031.04 2600.22 1057.44
681.544 -921.694 -328.394
796.593 -2375.95 -717.219
170.049 66.3469 391.03
-1213.98 1893.88 508.063
1287.52 -1259.44 -1044.06
-1695.96 -1488.2 527.494
786.253 662.473 -58.8568
-2840.9 1549.21 -468.158
757.655 -152.018 264.045
1949.64 1726.77 201.915
-161.203 -130.125 -155.892
-565.617 -283.356 -874.504
857.591 -1872.52 -676.609
-48.8222 583.097 2778.35
94.7782 -60.2594 -506.764
-21.9472 -3197.06 -313.358
-603.971 1124.59 -1254.48
2757.68 4447.03 853.344
-410.902 -726.539 -469.212
-2220.23 -1363.69 1559.05
507.656 349.215 -664.299
-3077.52 -1525.54 -791.372
2260.65 423.216 -580.72
2254.84 1150.15 1373.27
-571.396 421.61 280.492
638.418 -1647.77 427.664
-241.215 -100.796 150.204
-1433.58 61.7079 -2653.59
-399.608 1012.38 1208.26
3130.26 -1897.59 -1860.21
-606.153 251.448 1004.57
-1225.12 483.822 -487.939
-102.254 147.896 291.734
15.0074 841.201 1048.12
244.669 70.1134 -670.713
860.494 -2681.26 715.896
-1621.84 1944.77 -416.313
-441.501 -868.73 -21.6266
310.33 156.885 271.661
-218.461 -1881.55 1384.05
112.402 -84.3781 274.812
-167.322 -1319.57 -1261.42
782.839 4030.43 -469.674
1998.86 1893.97 -940.646
-237.727 -17.0625 -469.672
-1830.44 -3853.6 1608.99
-527.466 1601.71 533.045
-1931.61 -2344.87 705.638
-218.869 -3.75608 -629.704
3460.45 3534.27 1107.44
509.118 -310.865 -431.824
-1205.55 -1660.89 -1952.68
-183.186 1370.45 673.862
522.644 -1257.32 -2081.45
101.549 -549.359 55.2344
-909.845 -953.005 1297.87
202.768 -27.9959 -554.613
1790.05 961.179 5708.18
-1531.03 345.662 -3915.43
-2143.06 -122.869 -703.572
-596.982 464.52 -765.073
4208.62 86.9991 1281.77
-959.66 -191.671 409.148
-1264.49 648.902 828.745
406.472 214.603 -214.997
-894.128 282.93 962.675
831.742 -388.772 -1341.7
1543.86 -459.469 182.598
-46.1719 -63.7439 47.9845
-891.753 2227.35 381.651
1165.81 -1909.28 -580.418
-3263.92 44.8836 -1375.52
1083.77 971.863 1355.23
2259.91 -1469.12 825.974
-170.146 343.62 -38.8921
-806.446 8.18504 -1361.36
455.722 -1061.48 1154.46
-1590.71 -803.24 -2506.11
707.047 599.962 922.168
-54.4556 4785.53 -674.355
290.306 -631.714 -182.399
-1181.65 -1958.23 2309.05
172.304 -41.1154 -1103.48
-2064.64 945.296 542.249
2474.42 -1507.51 575.616
125.524 18.4896 -1270.16
-123.126 102.601 189.055
403.339 -88.9472 328.513
-537.308 -18.2018 213.131
749.857 -1857.51 -2235.18
345.539 1930.95 2157.11
-1588.3 -760.19 -28.2788
-588.081 125.879 319.678
1242.08 546.965 -4.81744
755.762 -57.715 -669.545
702.71 349.473 1048.62
-353.925 175.127 -276.691
-1183.63 -307.61 -1490.61
-42.7733 -164.029 310.273
-656.527 -711.167 -3051.64
-1076.54 2729.13 2993.76
1575.08 -3383.71 1706.02
1179.37 1080.83 -463.618
50.2786 -322.512 -933.416
813.507 181.854 120.994
-1200.87 -4.10112 813.11
832.394 1611.85 356.41
-3847.93 -638.966 1397.01
2769.45 -132.342 776.052
-320.403 -1353.62 -2636.04
143.398 191.153 741.027
-394.864 292.081 -3678.64
503.209 -1401.26 2098.79
1158.42 260.046 1642.11
-110.278 973.25 -496.757
-89.0376 774.519 -1738.98
-131.545 -90.6728 272.091
-254.513 1778.95 -364.87
-374.754 -750.317 84.0532
1058.65 2884.53 1772.5
-1202.13 -3608.6 -1245.78
1250.28 -25.9159 -598.201
-609.263 -112.737 -0.642265
-2878.07 -85.6337 415.66
484.467 1898.13 887.371
4152.89 -3255.44 -1098.44
-430.964 946.758 -712.858
-1042.46 1426.7 1025.76
-379.595 -449.173 -107.866
1798 1103.66 -2062.05
-1856.1 -1322.09 2305.47
1296.89 2162.31 2077.82
1755.87 -1733.77 1168.96
-3268.54 -1978.61 -2653.04
-215.788 -179.918 -98.8349
474.243 734.996 -789.989
406.678 -7.32662 864.671
-1360.38 1070.35 -1005.12
291.608 497.342 450.428
1436.56 101.17 -3462.25
-219.876 -91.4184 -107.805
236.245 -973.465 4287.29
-1347.41 639.501 194.099
3251.6 193.327 740.737
-1086.28 -423.968 -697.183
-1377.02 -498.347 -767.5
-144.613 70.6694 43.7492
-47.4666 2238.86 1036.51
-977.158 -1445.78 -251.031
-1935.77 -67.8146 -371.961
3308.73 -574.65 244.942
-461.259 266.023 126.295
-18.302 9.94227 125.3
-665.569 -49.1047 -805.413
764.701 145.203 -538.588
-1352.23 -1059.52 829.61
-176.488 917.869 217.643
1854.55 -1571.79 572.648
-64.5735 28.4491 -197.73
316.877 1555.35 -670.888
20.4118 -921.681 531.22
-1224.98 426.686 -1542.71
-300.8 -911.027 -481.239
-298.353 1833.73 573.709
183.137 -5.60822 39.5774
3227.53 -518.389 -237.545
-178.202 186.062 546.577
-2106.44 -930.751 2569.35
-88.2268 490.922 -348.387
650.732 -582.332 -2502.78
301.979 291.738 -248.481
384.296 779.134 1382.78
-637.404 103.877 -935.791
-2326.24 -222.19 -153.101
61.5568 -257.78 -978.815
825.542 830.669 2059.11
331.064 -783.404 146.124
9.63541 -1485.84 -233.516
-348.849 961.457 -615.778
971.34 154.37 955.773
715.761 1268.28 422.877
-529.907 -997.573 -2370.77
-64.0948 -39.3981 435.711
-373.706 138.169 649.699
379.453 824.7 794.261
1119.31 1003.99 -1679.37
-254.605 -3133.08 257.686
-1384.69 331.779 -195.82
-86.8699 91.1949 -265.512
361.894 1647.47 -353.927
-54.8951 -709.786 187.481
-2150.86 -291.857 1603.25
1384.71 9.43862 -94.584
212.641 9.2645 157.73
64.7412 47.2071 -325.961
830.077 904.713 522.631
34.0772 -790.183 -734.678
-1473.62 532.985 425.976
701.323 -669.945 -54.5694
-954.17 -1329.7 -508.58
84.4336 125.394 125.109
1148 1104.87 11.7889
487.101 492.997 -212.423
2405.18 -1407.4 -26.7048
-1057.12 591.596 36.7741
-2320.37 802.258 1219.09
51.2018 137.871 -96.6846
-728.344 387.21 -2211.32
801.341 -492.15 1365.26
-87.3631 -119.366 887.325
158.628 -644.613 -657.348
3344.9 2135.32 -2296.73
-693.55 -277.155 230.946
-351.503 -1625.83 392.527
-310.629 -358.073 696.172
-1041.77 2958.34 2640.2
81.9961 -1613.29 -1145.34
-2595.81 -1343.5 -1661.24
506.29 96.618 -507.531
-232.344 -1967.55 -2123.15
1061.1 1541.96 2711.65
-82.2791 -621.456 -1267
1093.68 293.072 983.385
-841.517 -840.025 1672.22
-352.453 386.831 856.885
-883.817 -2111.67 -1252.57
609.73 1579.71 -1309.62
1645.11 2161.82 358.126
-447.207 -233.442 -51.6838
1909.51 -185.412 2180.99
-634.912 -728.157 -810.487
-1694.34 1603.85 -1652.24
266.681 -70.2753 7.29885
1363.35 -3748.87 -57.7996
-439.941 2251.52 -49.1804
-788.652 498.128 -107.268
2.6147 -2.8242 350.539
206.257 1311.86 443.424
341.169 -473.008 40.9388
-1240.13 -1454.95 2684.78
-326.298 182.927 -311.657
735.304 767.002 -1711.94
635.187 55.0677 339.685
1060.35 788.058 -487.76
-730.681 -620.365 295.12
1174.43 -352.998 1200.98
-958.441 1547.49 -536.077
-1466.46 -256.69 890.581
391.885 370.739 381.4
-608.716 -1905.32 983.631
-253.523 -484.115 -1957.3
4128.44 2910.9 -609.672
-522.351 -1290.3 -103.205
-2211.86 1354.88 505.316
1079.22 217.657 -39.15
-3199.76 -3231.12 -248.933
367.707 24.5148 -301.792
-61.9237 1838.57 -3139.3
-611.32 -305.935 663.538
1538.63 -1155.25 3813.52
201.889 -31.4601 418.723
192.807 1272.07 -3430.45
-323.928 272.97 477.365
954.277 -1627.36 1624.84
223.688 68.8251 -521.162
-1654.41 2556.04 295.896
-62.9751 -1057.02 -56.8275
3635.7 2429.32 -2782.31
-1810.9 -3624.75 2872.4
-526.112 2594.17 -1891.49
-1255.28 -2545.68 1782.4
730.436 1089.22 464.71
126.497 -134.808 61.866
2549.38 190.628 -1358.46
57.6571 -179.887 222.512
-2439.34 -888.488 -1040.09
-24.5075 1062.63 1416.16
1207.34 -1265.35 -92.8431
-464.186 438.405 101.78
-394.071 504.708 -181.174
-249.386 -315.735 -12.9275
811.646 5192.05 1112.34
-220.324 -3371.74 -1044.5
843.616 -802.41 -370.368
-315.917 -150.23 64.3497
2044.13 -1514.75 125.812
-3221.33 478.481 -752.563
-1212.48 1372.75 60.6786
-102.766 53.3786 186.908
2198.41 -242.819 1415.65
-621.696 14.7942 -129.69
2802.69 -993.182 798.219
-1090.36 465.673 -502.961
-1508.84 -1549.22 -1645.66
599.585 1654.3 -12.9032
413.92 991.999 97.5184
-960.145 113.422 222.184
-1660.67 -1646.18 178.118
681.895 663.91 163.864
1376.91 -1926.31 551.218
-513.393 623.064 -699.968
-564.193 116.816 2075.96
380.34 -20.7097 -453.173
-2080.41 245.937 -421.97
-183.675 -1071.33 232.658
3116.44 1115.53 -1231.47
-667.021 -61.2612 171.201
-427.873 425.373 70.8279
-105.725 -170.472 97.2404
-1800.37 762.869 -1791.88
649.192 -543.774 114.507
-2156.12 1357.59 -486.541
944 -2462.72 1771.19
5191.02 1713.35 3744.6
-309.832 -98.7225 -419.496
-273.996 1684.75 -869.222
-667.114 -1725.79 -2036.45
-2233.98 -2805.19 -2231.09
1055.05 1170.29 926.553
-1191.32 3246.25 1110.94
334.373 -374.988 -52.7492
1722.07 1449.38 -1286.99
-1240.8 -1363.7 1788.76
984.561 -3583 -570.354
-2000.62 1561.19 -322.858
434.68 1550.82 -1161.52
13.0909 69.2104 324.052
540.335 -1299.62 -753.581
930.918 117.661 1335.79
-1096.42 -4361.27 1686.43
495.419 5057.36 1.98911
1063.27 -1112.52 -975.965
-449.871 -145.063 -28.1616
2370.7 -1005.55 -1757.57
-1057.61 734.023 2233.36
-2421.82 -706.677 1343.35
-185.523 1205.29 -967.904
2390.39 -13.6595 -985.549
-599.181 -56.2657 405.606
-2797.48 503.049 256.37
1253.89 1348.84 -602.846
1350.82 -3663.52 1345.48
-634.111 1064.04 -1344.48
-1984.75 3089.61 314.665
-56.1572 -64.6078 -25.1723
2593.9 -3874.96 -585.566
-140.66 666.014 -1329.53
1619.02 -1017.13 3021.59
-952.593 3233.43 6.71924
-1810.83 -2863.45 -886.938
47.8589 25.4542 -77.1442
1959.28 2725.15 -40.9911
-555.294 -524.05 579.883
-204.29 -1321.4 955.995
108.289 358.468 154.755
-1953.61 1293.38 -917.554
325.952 94.4909 395.252
2323.94 -900.243 -927.225
146.179 -485.728 -549.382
26.3655 1815.59 -1984.33
-2.94506 -512.816 710.628
-798.161 -1699.25 1167.99
113.052 108.832 111.166
-1056.04 1239.93 400.363
-218.275 -1239.59 12.8037
-952.126 1411.37 -651.589
-44.4598 -123.333 23.8931
546.401 846.108 1252.18
408.074 -638.789 -173.338
-1133.85 -341.047 99.7193
235.26 521.575 -1681.43
1781.8 -571.355 2000.65
-229.409 -156.921 -1628.61
-656.286 477.071 2189.73
101.155 -300.108 -210.408
278.493 -251.768 -1605.35
-695.019 -1126.31 -203.536
342.955 882.455 -3002.3
236.026 104.688 949.587
-439.778 -88.5698 2255.99
95.8459 101.046 132.537
-1358.79 3198.35 -41.2942
714.148 -1979.96 751.749
405.536 -163.043 -1716.99
1775.26 -1108.19 -477.805
198.525 -105.151 499.806
-467.913 492.27 -884.753
711.93 -218.389 1898.39
-71.7195 -234.783 432.94
-1915.47 192.74 -2431.76
426.708 170.278 633.275
-913.626 644.524 1034.33
-936.766 -245.738 289.536
931.203 -1284.48 -354.883
1211.25 745.22 440.762
1204.57 -1687.55 -988.726
-927.967 663.985 290.545
11.9368 1728.03 -708.801
-294.535 -850.165 -466.099
-783.959 943.736 3072.77
-139.752 238.95 -536.192
4275.01 -5542.32 956.832
-1405.74 2458.47 -543.999
-3307.7 2292.07 -1640.73
179.783 131.179 75.923
6535.25 -1584.91 339.221
-5113.93 -527.94 853.621
-1091.44 1703.62 874.759
441.361 868.736 -1266.97
-582.305 -26.7554 -1015.61
368.302 -137.644 530.931
-337.068 -762.481 1105.39
-382.107 38.57 287.467
-665.304 176.754 -490.137
761.13 -166.71 -108.357
-1361.07 825.828 528.308
-155.2 272.252 3.72871
2185.07 -2518.3 -373.478
-91.4049 553.948 -807.065
-861.484 3591.28 1041.24
2376.92 -2011.14 -394.74
-2183.21 -1152.49 513.17
615.771 398.259 343.366
195.056 -358.72 -648.786
-233.631 370.473 -534.308
697.284 449.838 -954.584
-226.696 -1744.44 -141.545
-1201.37 2457.3 -524.449
-38.1367 -32.51 -356.668
-1906.78 -793.809 1149.09
1358.15 -225.638 -1111.82
4024.14 -3619.33 -651.224
-241.564 1223.39 1193.62
-1068.82 2219.72 1706.61
90.0248 39.9466 -43.9543
-1369.4 1298.84 2202.25
-159.162 -901.775 -149.024
-1340.25 -1099.45 -5117.63
1158.64 52.1829 545.941
916.881 1352.55 1574.28
-40.0408 -51.3441 -36.3363
-1549.6 -2224.57 55.1344
461.487 724.725 454.542
1310 40.3128 1434.32
-1140.37 -112.39 377.155
1027.98 -106.562 -683.694
-296.763 293.5 -200.93
-339.405 1255.29 -2362.44
2019.53 -1112.31 1605.74
-1966.41 1402.26 -779.67
589.325 -567.843 -437.972
-1252.44 -1078.22 60.6853
300.64 652.137 -650.657
1720.65 -263.738 908.309
564.845 -498.996 -400.976
-3032.9 1340.04 1324.05
1066.69 678.694 870.363
562.581 -1468.75 -941.122
46.2206 389.499 -322.626
2039.63 1414 -1206.87
-1198.61 -464.97 997.586
-164.935 -1226.13 -472.847
169.425 -555.965 -363.003
-882.193 2364.74 2563.36
-115.888 -184.54 -354.227
452.519 -1824.7 -844.062
-290.531 35.3028 205.38
-952.676 3252.83 -3747.93
1621.42 -2936.68 3305.61
2235.38 -1876.52 -1596.96
-9.09211 166.219 265.872
-2869.5 1563.35 1221.91
-909.854 -407.598 -457.273
-351.938 1118.96 257.105
-1072.21 -108.99 -197.58
1512.18 -1463.47 515.488
466.642 -435.318 -275.551
140.72 3150.95 -108.466
-874.264 -910.727 -33.6767
2522.74 1351.27 526.5
-1107.46 -2294.08 -547.498
-959.565 1768.18 -1292.45
-43.1686 -68.855 -432.207
346.015 -2315.43 1225.09
-118.254 1704.08 1095.69
-583.569 1232.05 -1116.17
394.531 -2273.59 920.986
-611.56 287.561 606.871
846.009 -219.84 -245.519
1091.17 1623.87 1049.05
-771.696 -524.343 -292.056
-940.829 -1141.68 -434.557
1038.43 1003.01 -650.273
813.378 -1773.46 242.348
-343.603 299.941 -159.91
335.436 -3243.28 2097.51
-1734.47 2314.34 -3095.31
-2186.35 2520.8 7079.28
657.814 -2494.79 -3834.27
3338.35 3331.56 -4087.48
-728.182 -714.69 896.821
1647.25 -861.587 2177.9
-1180.54 -671.907 -87.2306
2882.76 -1562.42 -2586.03
-201.91 506.774 1734.94
-5703.07 1552.32 -2706.58
740.155 -48.3474 631.7
60.3124 -389.253 -103.054
-6.72732 470.964 437.368
-675.183 -188.989 3278.71
55.8679 134.109 -180.999
1991 -210.266 -1460.92
429.874 -238.869 -289.306
951.101 339.462 -3636.35
-1457.35 -357.152 1855.56
-744.062 2348.72 2069.88
1270.52 -2795.23 -659.018
-158.679 1146.49 -736.313
237.581 -278.616 585.133
-200.012 66.9037 372.161
-418.345 308.725 -1025.35
1212.54 -2339.98 886.265
-581.599 811.639 316.468
-1256.56 1265.4 986.129
42.9894 -118.523 -97.278
38.3385 738.102 -779.785
281.555 -349.952 -1089.6
643.432 1439.43 -2467.96
-490.583 -1627.23 2751.25
-2608.95 -854.107 -146.994
-249.567 -21.9404 34.466
2820.35 372.992 16.6878
947.122 86.0213 349.903
-2456.81 995.938 2242.3
2423.93 -1087.55 1193.74
-459.633 3186.09 -2867.58
-289.359 -1038.27 599.476
-406.585 -4607.56 -363.291
-198.976 670.836 -514.094
-932.394 858.272 -1269.45
425.724 -42.5035 459.402
1896.79 1784.41 1642.15
-720.576 -517.342 259.347
1092.25 -977.237 -1812.55
-1068.53 511.025 -307.76
-2537.01 -5143.86 1143.74
1894.95 4439.63 -1140.73
943.109 2250.33 1701.81
-78.8873 -288.382 -643.287
1442.97 -1919.92 -1515.41
244.186 301.119 375.201
-1948.73 173.599 1827.62
-56.1015 76.4453 -266.736
-364.075 44.8866 -349.298
-763.368 452.981 -433.529
1641.95 -1269.45 2407.06
-59.0811 1497.75 -1071.04
-917.067 -554.771 -1736.45
-378.631 211.358 167.179
1197.36 -892.147 -973.637
20.4434 -761.316 -259.528
-1945.65 1715.37 1584.48
449.091 535.012 381.451
-459.841 -2463.19 1779.2
-306.393 -63.4222 534.264
4260.49 136.132 -3122.09
327.199 128.951 234.235
-2162.02 1326.35 587.886
163.809 104.008 654.798
-3169.39 -1101.23 -1850.85
958.751 604.959 430.653
490.081 886.028 2592.75
323.189 347.324 -298.753
787.052 -2275.2 -2303.85
-35.7186 2157.7 -24.3397
-43.1405 171.338 -276.239
342.145 -221.72 597.299
54.6278 -331.788 2089.71
66.9837 15.2923 43.3524
-442.194 -984.514 -1694.73
-267.819 1234.69 -228.69
-1267.04 652.267 -2328.04
897.199 227.654 2486.49
-324.97 -180.832 443.66
407.438 82.2907 -116.792
-388.098 1816.44 1784.77
-314.323 -128.353 -56.89
3399.46 -4471.11 -4104.31
-1580.4 2095.77 -853.655
-767.963 -2255.64 4084.69
550.736 -149.022 -619.751
236.627 3981.66 -83.5082
767.456 92.4197 -1038.32
-1119.12 -368.214 681.182
-1120.96 -932.543 419.606
567.047 -1216.79 -1070.94
147.531 -26.251 222.024
-4125.38 5411.43 -2352.65
3892.22 -1638.84 -645.259
2482.19 -1218.79 2951.01
-357.372 -544.992 836.765
-1299.3 -1060.86 669.512
396.566 -144.373 -1360.75
-1022.86 -230.549 874.985
-671.949 0.55702 452.438
710.636 -669.325 -1574.88
-6.17994 -431.117 1694.38
-636.138 -156.257 -212.372
1043.45 -115.95 -499.304
-651.709 2184.32 -397.112
1113.35 664.613 74.9697
-423.348 -694.629 595.919
74.6538 -1479.68 -753.634
1015.79 1877.03 426.782
-104.748 -317.751 -395.072
492.512 464.314 -876.516
-708.221 -205.247 -882.64
-631.401 -1558.19 3713.62
287.895 -567.6 -1426.42
329.202 2096.67 -2080.64
-163.469 -551.089 964.524
-270.139 -1551.77 -442.553
-474.097 908.345 520.049
206.573 -473.515 -140.565
252.006 -163.218 877.819
3460.44 761.194 1076.1
438.211 -124.426 -190.566
-3602.4 3921.42 797.175
-1400.92 -3046.1 -351.707
-1324.61 -4385.01 -1365.08
1104.8 938.475 -785.737
2511.34 2212.75 572.574
-299.825 428.736 -207.791
-48.435 -678.746 1988.65
-764.244 -247.665 -678.517
-702.017 3006.33 -997.289
1365.5 -1895.29 -166.006
813.169 2134.19 -157.371
79.8234 -6.92509 -149.672
18.986 -2895.59 -2351.73
-1776.27 1848.16 827.653
-905.555 -3011.56 966.452
375.507 773.872 409.142
1430.42 2505.47 -730.909
-375.457 80.8894 -226.145
943.751 -1839.1 870.81
-989.414 102.956 1229.91
-2522.98 497.509 1706.83
-282.084 -18.5889 -10.6903
-1127.51 -1694.72 -2395.23
178.717 -40.427 -36.4748
3266.3 -395.32 900.235
976.633 1527 -726.788
3862.07 1885.95 1986.82
-4097.75 129.737 -1235.94
-2397.25 -2839.33 -1338.78
-60.4759 710.768 231.73
-869.691 2841.18 -5887.93
2939.32 -2051.72 4593.82
1832.76 -163.74 2163.23
-1108.68 -416.206 -542.008
-123.544 -206.341 -1855.32
9.9621 -73.2658 71.8507
-1092.01 247.01 1483.14
-287.901 215.959 -273.597
1466.63 1426.83 830.956
-686.299 -2310.72 -217.042
-918.915 1797.87 -908.424
-199.077 -73.7439 116.429
1733.71 1455.78 -802.305
-1379.32 -2998.53 -547.942
78.9609 664.543 1225.1
434.31 1638.88 591.02
-861.894 -2777.15 -425.388
-36.9444 89.9169 -196.828
3102.65 1629.78 1277.64
-258.572 -1555.58 -436.936
-3787.81 -622.472 626.362
49.1027 608.285 -716.932
2951.23 340.465 -190.796
-700.93 -99.143 28.3322
1116.11 2531.16 75.6175
-1199.8 -1250.22 -132.104
-454.941 -2244.46 -1481.97
89.6881 960.266 936.245
-807.11 274.828 2311.22
598.487 -249.594 -532.852
-1136.89 -375.953 2115.57
-194.507 -140.911 -2406.62
1429.19 -1578.07 -685.125
-70.2649 1261.35 -34.0382
-1878.08 -31.0337 1317.6
-12.8234 -133.88 -314.419
-1859.85 3734.54 665.719
3329.75 -1462.29 -1268.87
-33.2999 1203.26 -2148.44
647.843 -2062.13 1814.43
167.593 -1378.05 456.381
671.623 -72.3313 614.841
-279.091 3536.79 1361.62
-259.135 -2847.3 -2933.8
-2673.54 1653.91 3086.92
754.315 -992.067 570.846
-447.746 2034.75 -2135.83
179.096 -212.163 -342.697
258.874 -885.655 982.063
385.215 906.62 -819.831
815.487 645.06 -148.948
3084.76 -2480.06 -1377.04
-4583.84 -2178.64 -338.635
303.619 238.589 24.6568
2581.82 3094.05 -2309.27
225.178 -89.2497 606.332
-2366.88 -95.6608 7080.18
189.113 -270.117 -1665.22
2359.08 113.153 -4765.56
-581.144 -279.39 783.632
649.862 -462.373 97.8274
-1538.02 -51.3402 653.051
205.227 390.709 341.588
-984.498 -837.462 842.149
1284.62 801.927 -149.958
-108.152 -164.226 -144.724
-308.526 -462.356 -1221.33
108.672 322.762 256.564
-434.424 98.4123 -547.531
-183.525 447.094 -260.12
-167.614 -678.168 2319.13
59.412 -35.0882 -181.08
220.894 1539.63 -2480.2
-950.893 -1944.61 2227.91
1766.54 1684.43 -3737.45
-30.1564 -175.04 1307.49
505.878 -302.083 1425.45
-325.166 10.2067 142.221
-476.152 -1309.42 2457.85
-1021.36 784.979 -763.625
131.787 -2065.7 -925.853
1210.57 1918.54 -656.712
-1357.2 245.869 2181.71
667.948 -373.477 429.912
59.0928 965.614 -808.357
969.719 -1537.38 -1533.64
-2402.59 5622.77 2252.87
-603.519 -2778.21 -1106.55
4299.02 -1941.11 -2267.17
-323.026 151.505 193.261
-1346.8 1798.07 1294.03
-651.652 -868.998 228.076
-2672.03 -1310.86 -4653.6
1683.7 1136.27 3661.09
100.019 1144.51 2194.57
326.903 -188.701 -161.089
975.497 -1716.42 -1108.43
275.748 -312.201 406.478
-3594.42 2880.92 -3732.52
857.35 -750.923 1774.06
1638.77 -1655.14 3586.74
131.01 -61.1418 -120.131
419.066 -348.906 -2209.62
-78.3456 334.76 -265.498
1678.91 -1891.23 2303.37
-1745.61 652.262 -937.126
1680.2 3631.92 -2578.89
-365.061 451.104 -65.8874
-3165.89 -3735.87 -2869.58
2683.33 563.697 1212.66
608.85 -411.249 4508.48
-1035.75 515.948 -146.723
2470.9 -1362.69 -2858.67
-558.672 429.12 -784.116
-3029.49 3278.36 3404.1
-188.84 -891.657 116.118
1514.66 774.754 781.701
-1673.85 -218.347 -737.637
-255.779 -1431.43 -955.333
69.5527 -119.623 136.518
2604 192.814 -201.548
-534.167 -1191.15 -181.164
5917.91 -1363.04 1596.77
-3079.72 1808.19 863.001
-2509.2 503.588 -2588.31
-258.444 -676.089 -606.443
598.005 128.563 -122.253
-536.188 -538.36 1517.04
-2818.51 2556.15 1372.88
1156.83 -1371.48 -990.494
2834.84 -447.614 -1748.7
-2.81195 48.9169 -128.609
-700.042 -1169.74 -597.772
-1641.72 1623.67 814.521
-1381.48 -1445.25 1396.09
202.92 587.702 -892.118
1265.33 118.038 369.962
42.2539 -128.609 -7.21262
1977.84 -963.345 -1859.36
-429.529 1100.6 937.483
-1989.13 1717.9 521.96
1246.62 -541.304 253.356
-640.015 -1662.68 -585.558
123.877 -58.8333 -196.005
1511.71 -504.36 4722.39
-334.202 2250.93 -3613.6
723.991 -2995.28 -1963.48
-774.382 1331.73 731.543
1110.03 2670.69 1878.54
-738.864 -707.137 -294.438
-1427.78 -1850.7 860.297
-303.019 -203.579 -594.056
-285.148 -2013.93 -1141.01
299.963 3587.93 1119.99
349.264 -352.884 -2929.95
-82.2543 -266.041 864.858
134.253 -2835.94 -1562.96
-940.622 1499.94 1484.55
1815.04 1931 891.243
-386.552 -940.764 561.922
-1228.04 -409.305 -308.454
797.703 284.369 314.421
-2698.26 -654.537 402.031
1572.63 1669.38 -654.229
1925.8 -1295.45 2738.93
-1533.03 1497.38 -1159.48
24.7413 -1015 -672.188
39.4004 291.479 661.554
-335.455 -1022.69 -4323.34
509.704 -416.249 2474.73
610.339 2839.37 -163.147
112.911 -2524.5 789.405
-321.176 1409.71 -766.338
-514.486 -164.179 130.959
473.299 -2643.4 -320.612
547.536 792.228 206.066
-1044.57 538.796 -1397.89
411.127 814.056 745.105
307.896 979.373 2026.64
264.324 -252.213 292.723
375.218 -673.549 -912.978
70.6904 -440.441 -315.85
-2139.19 1404.42 -1787.65
441.525 -13.5859 159.225
2240.39 -1780.74 2268.77
-793.78 -201.348 521.87
-2619.74 -1044.86 -512.469
950.261 -24.6854 -601.19
207.929 896.58 -158.836
-389.038 1112.38 477.38
153.197 373.535 -519.343
195.472 -470.035 512.607
1018.49 -885.243 -779.812
683.891 780.808 -1044.52
-2586.37 -3835.35 3275.27
-461.288 724.574 -34.1918
3710.3 2354.71 -3498.57
287.195 -76.1265 474.156
-1827.4 730.474 1348.04
-593.23 -63.1749 567.556
920.896 544.906 -49.5003
-311.321 -1187.96 785.7
479.886 -262.635 -1866.27
-512.723 -106.693 182.171
-51.0686 875.937 2963.86
-553.948 374.033 -363.962
1763.04 -963.044 -2906.07
-461.275 379.204 581.104
-27.6918 3079.95 -1472.34
313.885 -356.383 -252.115
-3502.12 -1721.61 3657.25
1115.29 -949.069 -1511.36
3620.86 -1318.58 2134.96
-1442.08 976.242 -1533.34
-1209.42 429.878 -1756.23
484.449 -7.31295 -24.1501
-0.13543 2397.05 2201.97
-95.2546 -271.948 39.0499
-1689.53 -1193.99 -2960.73
1196.26 -657.702 604.062
303.827 44.543 1466.75
355.977 -280.806 -441.433
-578.657 255.483 700.734
-101.779 316.114 -500.277
-1845.41 297.932 -364.439
-629.239 -123.35 604.369
4321.84 -327.135 -193.17
-574.818 -404.756 379.988
-1321.32 -67.3985 194.128
426.177 -372.406 26.382
1166.47 722.823 -730.548
-38.4754 389.01 837.443
1135.07 -1902.49 829.908
-782.351 610.114 -786.171
-2302.09 1078.85 -692.508
411.32 -472.327 -65.4194
2186.62 94.1431 223.735
-1493.07 274.021 -1703.82
-675.012 2679 2216.88
-126.489 -205.758 -40.4363
1518.77 -2563.33 -1429.56
-1393.61 -710.693 463.625
-2014.07 1330.8 -966.651
850.52 -618.987 392.181
2530.47 1016.11 490.473
-321.795 -490.626 76.0238
863.227 483.395 1981.39
-1411.11 -270.305 -1080.69
271.561 -569.677 -44.4729
-107.051 652.343 426.702
-259.166 -60.1686 -240.807
413.333 15.8101 -572.003
321.768 -478.291 1208.17
763.19 -307.078 -1063.49
-2630.22 72.3716 -382.248
617.531 -652.444 445.667
1431.3 749.99 -265.74
138.558 -132.73 -174.059
730.452 1574.16 -44.2479
-1295.82 -1980.94 378.01
68.927 1276.73 841.759
-354.898 -142.799 418.501
398.133 -882.374 -3033.79
-229.581 42.6732 391.631
398.832 189.144 1305.09
-486.931 -201.52 568.648
-1360.58 1797.91 -2058.85
1018.93 -2232.06 404.796
1244.38 1076.55 344.641
-282.336 -136.494 195.262
-1519.09 135.658 755.109
287.726 -742.326 -215.356
481.993 -1393.46 -1195.73
-148.806 1551.42 -126.233
-264.033 727.369 -652.848
222.095 -435.512 1078.35
-1304.67 579.318 1277.11
250.215 -282.45 -679.429
1327.22 -3016.63 339.394
-547.105 1987.4 -486.949
2029.28 2623.58 -559.245
-1140.23 -414.591 270.772
-3110.9 -2896.12 701.05
1849.22 1206.74 -1016.94
-706.56 1066.13 -636.727
379.405 -499.809 -228.503
1667.91 -3525.97 1330.33
-115.619 18.9172 99.3986
335.863 3966.28 -425.908
-401.555 -101.68 182.154
-1005.55 -218.629 -1197.66
485.624 196.547 20.0766
-1146.68 -1252.46 1010.72
-297.319 272.076 772.277
1184.24 312.093 -457.905
