0 66.18941
100 64.98253
200 65.03010
300 65.02186
400 64.95522
500 65.02189
600 65.03491
700 65.05513
800 64.82733
900 65.10508
1000 65.04365
1100 64.82217
1200 64.92263
1300 64.79667
1400 64.74656
1500 65.02283
1600 64.87432
1700 64.87780
1800 64.89035
1900 65.37838
2000 65.14914
2100 64.93252
2200 65.04394
2300 64.85566
2400 64.91522
2500 65.01530
2600 65.04386
2700 65.07711
2800 65.09348
2900 64.89268
3000 64.90574
3100 64.95953
3200 64.80028
3300 65.04274
3400 64.90582
3500 65.01001
3600 64.92881
3700 65.03608
3800 64.80711
3900 65.11080
4000 65.10355
4100 65.00653
4200 65.07370
4300 64.93374
4400 64.95985
4500 64.95033
4600 64.89824
4700 65.11721
4800 65.16701
4900 65.02508
5000 65.04622
5100 65.04407
5200 64.97864
5300 65.00496
5400 65.13806
5500 65.06609
5600 65.24448
5700 64.83590
5800 65.18784
5900 64.98007
6000 65.03793
6100 65.11377
6200 65.11055
6300 65.19638
6400 65.03235
6500 65.13622
6600 65.15765
6700 65.16890
6800 64.89623
6900 64.99539
7000 65.05091
7100 65.03812
7200 65.00306
7300 64.98211
7400 65.04660
7500 64.85857
7600 64.99813
7700 65.00220
7800 65.16790
7900 65.04195
8000 64.91219
8100 65.05867
8200 64.99899
8300 65.08895
8400 64.79741
8500 65.07023
8600 65.04873
8700 65.14928
8800 65.07752
8900 65.15186
9000 65.23687
9100 65.02969
9200 65.07688
9300 65.07935
9400 64.96379
9500 65.07959
9600 64.96698
9700 65.16465
9800 65.08165
9900 65.12077
10000 64.92187
10100 65.04935
10200 64.88851
10300 65.04900
10400 64.99674
10500 65.00468
10600 65.09745
10700 65.14653
10800 65.01213
10900 64.98711
11000 65.26220
11100 65.18151
11200 64.92243
11300 65.02148
11400 64.94364
11500 65.12395
11600 64.88796
11700 65.09790
11800 65.03055
11900 64.91664
12000 65.08385
12100 65.08466
12200 65.00473
12300 65.13427
12400 64.80504
12500 65.04690
12600 64.98219
12700 65.10198
12800 65.06642
12900 64.82780
13000 64.98268
13100 64.78396
13200 65.23082
13300 65.07958
13400 65.05211
13500 64.99044
13600 65.01692
13700 65.07406
13800 65.02902
13900 65.12017
14000 64.96449
14100 64.94225
14200 65.04419
14300 64.92756
14400 64.97345
14500 65.09549
14600 65.04750
14700 64.99163
14800 65.07140
14900 64.81271
15000 65.10709
15100 64.87795
15200 64.97422
15300 64.92009
15400 65.11446
15500 65.00577
15600 65.06222
15700 65.06817
15800 64.99708
15900 65.19497
16000 65.05585
16100 65.08765
16200 65.05237
16300 64.89046
16400 64.98829
16500 65.12022
16600 64.91708
16700 65.10499
16800 64.96189
16900 64.81452
17000 65.03362
17100 65.01567
17200 64.90440
17300 65.08380
17400 65.00365
17500 65.08486
17600 65.00785
17700 65.07275
17800 65.11576
17900 65.10413
18000 64.94382
18100 64.99053
18200 64.86095
18300 65.18404
18400 65.09011
18500 65.04266
18600 64.83337
18700 65.03880
18800 64.88351
18900 65.13815
19000 64.99479
19100 65.04133
19200 64.98949
19300 65.06413
19400 65.00389
19500 64.93294
19600 65.27909
19700 64.91321
19800 65.01823
19900 64.97005
20000 64.81388
20100 65.01860
20200 64.83664
20300 65.10350
20400 64.84695
20500 64.90026
20600 64.99188
20700 65.11941
20800 65.06846
20900 64.96985
21000 65.14367
21100 65.01152
21200 65.08713
21300 64.90546
21400 64.94574
21500 64.97555
21600 64.97339
21700 64.97138
21800 65.07220
21900 65.06105
22000 64.92984
22100 64.93111
22200 65.04023
22300 65.05221
22400 64.97407
22500 64.90604
22600 64.95402
22700 64.85261
22800 65.09154
22900 64.94523
23000 65.10554
23100 65.13923
23200 64.89125
23300 64.92982
23400 65.11771
23500 65.14881
23600 65.17608
23700 65.06524
23800 65.01191
23900 65.05568
24000 64.97984
24100 65.19869
24200 65.02909
24300 64.87382
24400 65.00029
24500 65.19815
24600 65.22849
24700 64.94462
24800 65.09038
24900 65.17176
25000 64.99874
25100 64.88494
25200 64.97768
25300 65.09960
25400 65.20025
25500 65.10448
25600 64.92799
25700 65.09613
25800 64.96036
25900 65.00552
26000 65.06148
26100 64.92149
26200 65.09438
26300 64.79038
26400 65.00847
26500 64.89210
26600 65.01453
26700 65.10367
26800 64.89128
26900 64.95183
27000 65.07745
27100 65.09493
27200 64.88609
27300 65.25056
27400 65.00046
27500 64.96868
27600 65.23129
27700 64.98668
27800 65.12883
27900 65.13138
28000 65.00779
28100 65.06664
28200 64.91727
28300 65.07957
28400 64.97426
28500 65.18819
28600 65.00873
28700 64.89321
28800 65.02897
28900 65.08123
29000 65.18843
29100 64.87912
29200 65.13734
29300 65.08258
29400 65.04783
29500 65.15644
29600 65.12650
29700 65.07590
29800 65.03543
29900 64.99787
30000 64.80352
30100 65.17780
30200 64.96557
30300 65.12575
30400 65.00486
30500 64.93159
30600 65.21699
30700 64.94662
30800 65.01976
30900 64.99912
31000 65.16792
31100 64.95281
31200 65.05775
31300 65.04938
31400 65.07183
31500 65.05475
31600 64.93371
31700 65.00286
31800 65.02905
31900 64.95540
32000 65.08839
32100 65.04824
32200 64.96115
32300 65.06803
32400 64.94678
32500 64.88684
32600 64.89328
32700 64.93780
32800 65.05756
32900 64.90750
33000 64.93510
33100 65.10753
33200 65.21042
33300 64.99767
33400 65.05158
33500 65.09558
33600 65.15461
33700 65.06106
33800 65.01845
33900 64.96937
34000 64.92044
34100 65.00853
34200 64.94735
34300 65.04618
34400 64.96568
34500 64.90344
34600 65.04187
34700 64.97416
34800 65.15564
34900 65.02881
35000 65.10764
35100 65.26942
35200 65.02371
35300 65.02661
35400 65.18354
35500 65.12025
35600 65.07981
35700 65.17098
35800 64.98803
35900 65.04869
36000 65.16760
36100 65.06293
36200 65.12452
36300 65.13923
36400 65.06708
36500 65.09700
36600 64.96858
36700 65.04835
36800 65.14319
36900 65.09635
37000 65.00125
37100 65.14259
37200 65.10944
37300 65.10508
37400 65.07334
37500 65.06046
37600 65.14378
37700 65.11490
37800 65.06967
37900 64.96515
38000 65.14223
38100 65.05173
38200 65.02377
38300 64.97112
38400 65.10713
38500 65.16443
38600 65.16651
38700 65.02947
38800 65.05165
38900 65.08929
39000 65.05064
39100 65.09966
39200 65.06178
39300 65.21290
39400 65.06905
39500 65.06546
39600 64.98469
39700 64.95466
39800 64.91323
39900 65.05226
40000 65.00898
40100 65.01178
40200 64.97749
40300 65.08558
40400 64.92164
40500 65.13160
40600 64.88281
40700 65.10773
40800 65.07101
40900 64.78428
41000 64.94995
41100 65.01955
41200 65.19957
41300 65.16403
41400 64.89830
41500 65.00807
41600 64.98118
41700 65.09348
41800 65.03081
41900 64.89736
42000 64.96389
42100 65.03709
42200 65.01015
42300 65.13285
42400 64.96133
42500 65.06045
42600 65.00497
42700 65.10832
42800 65.01478
42900 65.03123
43000 65.08936
43100 65.04972
43200 65.05049
43300 64.86803
43400 65.20195
43500 65.07237
43600 65.04456
43700 64.96886
43800 65.04505
43900 64.97422
44000 65.06782
44100 65.04769
44200 65.03297
44300 65.13705
44400 65.01299
44500 65.07849
44600 64.99713
44700 65.08877
44800 65.19828
44900 65.16841
45000 65.09733
45100 65.03127
45200 65.07119
45300 64.99243
45400 65.12731
45500 64.97158
45600 65.25911
45700 65.13170
45800 65.13804
45900 65.12992
46000 65.00763
46100 65.14701
46200 65.00965
46300 65.16576
46400 64.86882
46500 65.05601
46600 64.97730
46700 65.09682
46800 65.11543
46900 65.05058
47000 65.09874
47100 64.99561
47200 65.14546
47300 65.15739
47400 64.97222
47500 65.05146
47600 64.92223
47700 65.23935
47800 65.01697
47900 64.93010
48000 64.92649
48100 65.05118
48200 65.04051
48300 65.04812
48400 65.08636
48500 65.26308
48600 65.10598
48700 65.15573
48800 65.08084
48900 64.91061
49000 65.05621
49100 65.06006
49200 65.11506
49300 65.25206
49400 65.09611
49500 65.06512
49600 65.14342
49700 65.18633
49800 65.15842
49900 65.00457
50000 65.20525
