20.6274
20.3831
20.754
20.7784
20.5334
20.7849
20.8306
20.7913
20.377
20.7871
20.7564
20.507
20.4129
20.3536
20.4319
20.7669
20.6066
20.6718
20.5196
20.9856
20.9216
20.4922
20.7067
20.6841
20.6573
20.7331
20.7863
20.8188
20.9675
20.5048
20.3864
20.5208
20.3172
20.4285
20.4264
20.5477
20.3845
20.7528
20.3609
20.618
20.7189
20.5771
20.5379
20.6068
20.4005
20.5513
20.7445
20.8341
20.8059
21.0098
20.634
20.4663
20.6745
20.6579
20.6367
20.7567
20.9687
20.4768
20.8368
20.3939
20.6028
20.8327
20.7745
20.8054
20.73
20.8144
20.5084
20.6101
20.4268
20.7401
20.591
20.5241
20.5115
20.7221
20.6972
20.4976
20.6858
20.6333
20.6981
20.6387
20.6887
20.6893
20.629
20.7588
20.3486
20.7094
20.6586
20.7361
20.6243
20.8306
20.9982
20.5849
20.6669
20.6909
20.6407
20.6066
20.7008
20.8613
20.6319
20.6488
20.6299
20.7972
20.4141
20.643
20.6535
20.4723
20.7413
20.7688
20.8302
20.8168
20.9756
20.71
20.6012
20.7044
20.5998
20.6908
20.4302
20.6948
20.7557
20.6152
20.6947
20.848
20.8063
20.7554
20.6678
20.5863
20.5868
20.6309
20.7645
20.5031
20.7508
20.5035
20.8595
20.9334
20.8858
20.6659
20.7317
20.8317
20.7281
20.7528
20.5453
20.5872
20.6775
20.5578
20.5002
20.6962
20.8175
20.748
20.496
20.3669
20.6729
20.4523
20.7956
20.5232
20.6181
20.6316
20.6622
20.7174
20.7068
20.6727
20.6981
20.7355
20.6911
20.5288
20.4625
20.7916
20.5396
20.7515
20.5934
20.2181
20.4787
20.5014
20.5365
20.6082
20.539
20.6853
20.3848
20.6193
20.6783
20.782
20.7603
20.688
20.5541
20.9939
20.6968
20.6634
20.4945
20.6075
20.4634
20.8204
20.549
20.5928
20.815
20.6943
20.6202
20.4094
20.799
20.4646
20.6612
20.6119
20.3002
20.5954
20.6822
20.7393
20.4237
20.4928
20.7202
20.696
20.6272
20.4668
20.7425
20.5652
20.6682
20.4284
20.406
20.448
20.4251
20.5441
20.7886
20.7821
20.4924
20.4816
20.6802
20.463
20.7971
20.6734
20.7721
20.4678
20.583
20.5605
20.8291
20.7413
20.5507
20.4479
20.6763
20.571
20.8019
20.4833
20.5981
20.6385
20.6896
20.8216
20.6913
20.6577
20.5177
20.755
20.7288
20.6655
20.7908
20.8739
20.5805
20.4481
20.3093
20.6747
20.8876
20.7286
20.5084
20.9217
20.6778
20.5562
20.6293
20.5943
20.8297
20.3284
20.6468
20.5428
20.6699
20.5433
20.4569
20.561
20.8359
20.8382
20.3841
20.8252
20.4419
20.8197
21.0964
20.4886
20.7241
20.729
20.6498
20.672
20.6234
20.7516
20.6424
20.8181
20.5214
20.5735
20.7431
20.6626
20.6712
20.4753
20.7547
20.7582
20.6078
20.8107
20.8043
20.7541
20.6528
20.6211
20.3334
20.8523
20.7992
20.7251
20.5683
20.6371
20.9698
20.8741
20.7664
20.8978
21.1058
20.7586
20.7031
20.8032
20.6267
20.6039
20.605
20.8824
20.7183
20.806
20.8085
20.5521
20.4725
20.7851
20.6477
20.5014
20.4206
20.5082
20.5746
20.3649
20.4758
20.719
20.8646
20.6823
20.7317
20.7364
20.8958
20.7176
20.5407
20.6176
20.4948
20.7151
20.5536
20.6875
20.6304
20.4465
20.6271
20.4435
20.9088
20.5867
20.6775
20.9768
20.6106
20.7671
20.8781
20.7691
20.5321
20.8385
20.4623
20.4903
20.7097
20.6883
20.619
20.7724
20.8667
20.7561
20.6465
20.6143
20.7018
20.7693
20.7364
20.8108
20.6773
20.9091
20.6171
20.5718
20.5731
20.934
20.606
20.5085
20.7983
20.7541
20.8038
20.6944
20.6504
20.8802
20.7557
20.6469
20.7776
20.7553
20.6136
20.6209
20.807
20.7269
20.7293
20.905
20.6022
20.5354
20.6142
20.6472
20.53
20.4762
20.6008
20.7611
20.5706
20.8906
20.5427
20.8638
20.7054
20.4097
20.4919
20.6691
20.8218
20.7616
20.5467
20.685
20.7243
20.8146
20.7043
20.346
20.7272
20.6298
20.4784
20.763
20.6592
20.6948
20.717
20.9005
20.4299
20.5282
20.6176
20.7658
20.8121
20.562
20.9152
20.783
20.8047
20.5194
20.6252
20.513
20.8144
20.671
20.622
20.6943
20.5667
20.8242
20.7077
20.5784
20.6669
20.7037
20.6323
20.7837
20.7238
20.6707
20.6456
20.6037
20.9994
20.5593
20.7515
20.734
20.795
20.7803
20.5734
20.7498
20.6356
20.6183
20.4977
20.7587
20.6991
20.755
20.7056
20.6671
20.931
20.9056
20.4858
20.6008
20.3699
20.7276
20.6302
20.6246
20.576
20.5763
20.6071
20.493
20.5642
20.8646
20.8545
20.7862
20.7982
20.5769
20.8529
20.6831
20.6694
20.7645
20.7171
20.6166
20.7401
20.874
20.743
20.5025
20.6872
