321.901 -64.2785 -86.9765
-1120.96 288.741 -211.26
1140.81 -247.675 160.453
287.434 862.458 116.315
145.458 53.4293 120.206
-1621.97 -1474.93 167.269
779.614 18.6506 29.7353
613.896 549.096 147.172
-188.778 -226.53 -592.125
-1210.53 754.614 -1139.15
146.45 -23.0295 -255.34
468.531 -1175.49 602.529
387.954 -223.306 531.358
-112.876 1564.48 737.669
-780.646 -108.432 -55.6963
980.815 -423.262 -331.833
-366.273 29.1806 119.064
-828.528 -1020.11 104.495
570.621 641.398 38.465
156.806 203.387 -1001.79
-227.38 559.735 318.748
807.697 -1324.72 250.245
67.5939 117.606 239.079
-757.992 1078.64 -541.302
390.984 -598.115 842.859
-1295.51 393.981 -388.264
524.4 49.7231 -45.701
860.742 574.288 -61.1261
164.632 77.0225 -265.228
-362.281 -995.432 -148.41
-183.469 115.647 -88.5044
-308.594 640.765 193.406
-537.394 -881.098 -188.533
260.234 229.818 -804.541
-413.672 -78.0391 123.529
-50.146 10.9067 544.286
660.113 509.233 906.629
-168.504 -1674.82 1766.23
-333.859 831.025 -306.932
179.831 556.786 -1065.93
-105.923 62.5812 221.238
240.611 -690.887 12.5967
997.096 527.998 -734.802
-6.66569 -298.649 99.1967
593.733 -80.9567 113.679
-277.202 613.562 -353.412
101.285 74.5636 132.351
-1874.69 579.947 -642.83
815.145 -293.494 541.803
601.741 804.634 -38.8301
-391.995 -135.499 492.157
561.427 -2728.76 81.6631
56.7678 25.4919 -191.445
708.879 924.632 -308.988
-577.876 100.96 491.108
-1162.23 -82.4986 -205.577
-247.491 -89.0703 -129.534
268.893 377.674 556.95
369.437 11.5104 -95.7554
406.544 261.167 -496.604
-306.941 -256.985 160.694
773.502 -134.07 -49.7045
-594.639 875.335 57.5769
-329.999 648.744 1004.01
105.882 -46.9331 -158.857
-153.296 -1842.35 -416.915
207.153 670.161 -1151.02
55.0368 489.927 919.156
902.886 -725.707 -699.534
579.158 1779.1 -157.078
208.288 82.8344 -235.815
-1849.21 -640.782 1691.82
614.751 -601.99 -28.7006
-247.572 371.722 -828.106
-2.3953 -14.2287 304.727
-210.066 -1121.71 -1042.84
-199.734 -66.6502 -144.159
-177.818 695.716 -71.7509
-55.4388 232.119 619.801
1734.69 -2089.63 1502.29
-828.73 1272.93 -876.731
-1040.08 573.227 -112.235
373.749 47.9369 -152.185
168.388 -1331.34 -554.882
-21.7631 486.845 -55.0329
1486.99 -18.7769 1571.57
-272.602 -150.588 -383.689
-894.022 779.03 -1137.12
-26.9399 36.3461 1.31799
-402.302 -753.728 495.259
-192.74 -90.1995 -182.255
-505.318 -132.326 -266.602
769.658 715.127 266.209
222.167 650.704 902.929
95.0647 13.6289 -196.822
-110.393 -539.699 -621.397
