0.05000000000000004,52.429701963770796
0.10000000000000007,52.41976051687496
0.1500000000000001,52.41427429547501
0.20000000000000015,52.39068760214298
0.25000000000000017,52.39472246994166
0.3000000000000002,52.386771588377925
0.35000000000000026,52.38203995506747
0.4000000000000003,52.389748321256704
0.45000000000000034,52.39621300008112
0.5000000000000003,52.39317908769128
0.5499999999999948,52.393753992849476
0.5999999999999893,52.397345287999556
0.6499999999999838,52.396880022034644
0.6999999999999783,52.398309806080434
0.7499999999999728,52.41046234587809
0.7999999999999673,52.40693645031827
0.8499999999999618,52.399868400229664
0.8999999999999563,52.40321044950794
0.9499999999999508,52.391988958052245
0.9999999999999453,52.398824177497204
1.0499999999999399,52.40169023034513
1.0999999999999344,52.39929148223274
1.1499999999999289,52.40973337316604
1.1999999999999234,52.40147079681233
1.2499999999999178,52.399097063024854
1.2999999999999123,52.3988411167056
1.3499999999999068,52.38633881809179
1.3999999999999013,52.39723524190912
1.4499999999998958,52.39901155853077
1.4999999999998903,52.40647971850907
1.5499999999998848,52.40831413728329
1.5999999999998793,52.40644877740888
1.6499999999998738,52.400079058985405
1.6999999999998683,52.40313129332166
1.7499999999998628,52.40434372929382
1.7999999999998573,52.40497317514159
1.8499999999998518,52.410492775017964
1.8999999999998463,52.41250316656941
1.9499999999998407,52.40985606200494
1.9999999999998352,52.403000004662566
2.049999999999852,52.39182931502807
2.0999999999998686,52.40190941234961
2.1499999999998853,52.404898587421975
2.199999999999902,52.40256340424557
2.2499999999999187,52.40454353271034
2.2999999999999354,52.39737627896022
2.349999999999952,52.39810177813289
2.399999999999969,52.397909640988075
2.4499999999999855,52.40111506764864
2.500000000000002,52.39943360970364
2.550000000000019,52.39250985406923
2.6000000000000356,52.40589012543227
2.6500000000000523,52.402780430451976
2.700000000000069,52.40324204591731
2.7500000000000857,52.40929556608086
2.8000000000001024,52.40333154014032
2.850000000000119,52.40584001475749
2.900000000000136,52.41041026571427
2.9500000000001525,52.402855727793096
3.000000000000169,52.39588679143906
3.050000000000186,52.398096172167534
3.1000000000002026,52.389973811947705
3.1500000000002193,52.39591999941044
3.200000000000236,52.37998265103503
3.2500000000002527,52.404156764951416
3.3000000000002694,52.38867098960605
3.350000000000286,52.39610173463479
3.400000000000303,52.407036896930364
3.4500000000003195,52.399559808809514
3.500000000000336,52.40777705441697
3.550000000000353,52.41281783340025
3.6000000000003696,52.41154691108269
3.6500000000003863,52.41849236671116
3.700000000000403,52.40808143529749
3.7500000000004197,52.40303425592001
3.8000000000004364,52.39423020942275
3.850000000000453,52.391548389942876
3.9000000000004698,52.390702170307385
3.9500000000004865,52.38648616872642
4.000000000000503,52.39568515030763
4.050000000000475,52.40235340525084
4.100000000000447,52.41004242891193
4.15000000000042,52.4180580348348
4.200000000000392,52.406531251543136
4.250000000000364,52.407835560350414
4.300000000000336,52.404492344693004
4.350000000000309,52.3936708669675
4.400000000000281,52.40095329041776
4.450000000000253,52.3941678094747
4.500000000000226,52.405040212559655
4.550000000000198,52.41000191103774
4.60000000000017,52.407950767000735
4.6500000000001425,52.406201376374916
4.700000000000115,52.39779577567376
4.750000000000087,52.39788009642657
4.800000000000059,52.39703275181395
4.850000000000032,52.39454446891126
4.900000000000004,52.40343791925941
4.949999999999976,52.40387657130169
4.9999999999999485,52.40728842881624
5.049999999999921,52.4140364957001
5.099999999999893,52.403638073925215
5.149999999999865,52.39854799082723
5.199999999999838,52.40077372278883
5.24999999999981,52.39196694464944
5.299999999999782,52.38973855327665
5.3499999999997545,52.39454304432606
5.399999999999727,52.38983656206732
5.449999999999699,52.40567513949898
5.499999999999671,52.40600934006402
5.549999999999644,52.405076380106784
5.599999999999616,52.4092163885258
5.649999999999588,52.411131192191036
5.6999999999995605,52.4162323139323
5.749999999999533,52.40475273660845
5.799999999999505,52.39949882632374
5.849999999999477,52.41293356046935
5.89999999999945,52.396405308398755
5.949999999999422,52.407886982533945
5.999999999999394,52.39902826713444
6.0499999999993666,52.40281078569149
6.099999999999339,52.39557086474068
6.149999999999311,52.40615988933761
6.199999999999283,52.40622998249092
6.249999999999256,52.40329817991639
6.299999999999228,52.40457387993657
6.3499999999992,52.396993991521754
6.399999999999173,52.398171220651435
6.449999999999145,52.407591416719534
6.499999999999117,52.40145113753657
6.549999999999089,52.40359825721406
6.599999999999062,52.40069034137188
6.649999999999034,52.40207656071188
6.699999999999006,52.407986289923066
6.749999999998979,52.4019224081281
6.799999999998951,52.40602821759865
6.849999999998923,52.39405364611045
6.8999999999988955,52.41183405581783
6.949999999998868,52.40690877062783
6.99999999999884,52.4076222621054
7.049999999998812,52.40900278132387
7.099999999998785,52.406891761970904
7.149999999998757,52.40384595696574
7.199999999998729,52.400474248713955
7.2499999999987015,52.40506851817722
7.299999999998674,52.40468024124834
7.349999999998646,52.40100817523369
7.399999999998618,52.39906589399104
7.449999999998591,52.39617513816796
7.499999999998563,52.406144570594876
7.549999999998535,52.405984089291344
7.5999999999985075,52.40531953097985
7.64999999999848,52.40919698300427
7.699999999998452,52.40034558641124
7.749999999998424,52.40660725138284
7.799999999998397,52.3953642571491
7.849999999998369,52.40175180514672
7.899999999998341,52.40498674431563
7.9499999999983135,52.40326872127518
7.999999999998286,52.40453912094805
8.049999999998347,52.40550936764216
8.099999999998408,52.405991764244106
8.14999999999847,52.41215645280412
8.19999999999853,52.408123172527574
8.249999999998591,52.40744578849745
8.299999999998652,52.40692394513131
8.349999999998714,52.4013981981698
8.399999999998775,52.402563585435
8.449999999998836,52.39704343887406
8.499999999998897,52.405690697750096
8.549999999998958,52.39957202062096
8.599999999999019,52.39756288537559
8.64999999999908,52.40351166113157
8.699999999999141,52.407999972618725
8.749999999999202,52.413238480466326
8.799999999999264,52.41347468782209
8.849999999999325,52.41012589713954
8.899999999999386,52.40700498266042
8.949999999999447,52.402883189343925
8.999999999999508,52.40244820026634
9.049999999999569,52.39375089749295
9.09999999999963,52.402325068915665
9.149999999999691,52.40120462909426
9.199999999999752,52.40860922230019
9.249999999999813,52.40302867021048
9.299999999999875,52.40338628160737
9.349999999999936,52.41068074547367
9.399999999999997,52.41018476189037
9.450000000000058,52.40099051393867
9.500000000000119,52.39226957729681
9.55000000000018,52.39807407328962
9.600000000000241,52.395264867401146
9.650000000000302,52.39871739949425
9.700000000000363,52.39775261697475
9.750000000000425,52.41264679191374
9.800000000000486,52.41386941712025
9.850000000000547,52.41551434614092
9.900000000000608,52.40897239180527
9.950000000000669,52.40124426817746
10.00000000000073,52.41091575083566
10.050000000000791,52.40343226098507
10.100000000000852,52.402238865929654
10.150000000000913,52.398551316009424
10.200000000000975,52.40754431503581
10.250000000001036,52.409964675942064
10.300000000001097,52.40448233787234
10.350000000001158,52.41101699610584
10.400000000001219,52.3995771277589
10.45000000000128,52.40745692074042
10.500000000001341,52.40321558424722
10.550000000001402,52.40257832410444
10.600000000001463,52.399704008439755
10.650000000001524,52.40409082724636
10.700000000001586,52.39913309167493
10.750000000001647,52.40891734583314
10.800000000001708,52.411493051077734
10.850000000001769,52.4120206337415
10.90000000000183,52.40753285825452
10.950000000001891,52.41261033366219
11.000000000001952,52.40399244617151
11.050000000002013,52.411920351847066
11.100000000002074,52.40396744737234
11.150000000002136,52.40525476577519
11.200000000002197,52.400928540921
11.250000000002258,52.40202315835492
11.300000000002319,52.40244150560627
11.35000000000238,52.402041596048875
11.400000000002441,52.40847283785532
11.450000000002502,52.411943872639085
11.500000000002563,52.402531825198324
11.550000000002624,52.408266357586044
11.600000000002685,52.39945628158757
11.650000000002747,52.40048531328914
11.700000000002808,52.40366327350186
11.750000000002869,52.401219410946446
11.80000000000293,52.40739148865181
11.850000000002991,52.41096202386712
11.900000000003052,52.40588158682473
11.950000000003113,52.41023378854485
12.000000000003174,52.40685755768025
12.050000000003235,52.399935439428454
12.100000000003297,52.3948074295319
12.150000000003358,52.39661630282239
12.200000000003419,52.40452284061031
12.25000000000348,52.40517608059238
12.300000000003541,52.41477186569007
12.350000000003602,52.4151464670462
12.400000000003663,52.41106215145004
12.450000000003724,52.41281442864162
12.500000000003785,52.40943083845891
12.550000000003847,52.40829299465819
12.600000000003908,52.40032683219226
12.650000000003969,52.401451856061726
12.70000000000403,52.40108401391719
12.750000000004091,52.40431577715146
12.800000000004152,52.4063957369856
12.850000000004213,52.40603053700143
12.900000000004274,52.40622128361754
12.950000000004335,52.39890490740495
13.000000000004396,52.403161007497836
13.050000000004458,52.409827532905574
13.100000000004519,52.42091555608682
13.15000000000458,52.404423906284435
13.200000000004641,52.40404914199137
13.250000000004702,52.40434942763462
13.300000000004763,52.39831849382424
13.350000000004824,52.39332570600008
13.400000000004885,52.403994154783376
13.450000000004946,52.39564446059285
13.500000000005008,52.39764171657838
13.550000000005069,52.40580459867905
13.60000000000513,52.40750586147461
13.65000000000519,52.40622528937305
13.700000000005252,52.4081810730123
13.750000000005313,52.40777511119372
13.800000000005374,52.41197084715985
13.850000000005435,52.406600506639684
13.900000000005496,52.41074246117564
13.950000000005558,52.402500734961876
14.000000000005619,52.40135245651975
14.05000000000568,52.400330235837934
14.10000000000574,52.400804993324336
14.150000000005802,52.394583652127196
14.200000000005863,52.40335944064147
14.250000000005924,52.3986247088582
14.300000000005985,52.4003129335829
14.350000000006046,52.40477195826945
14.400000000006107,52.404569668450925
14.450000000006169,52.409586940943676
14.50000000000623,52.40642615098926
14.55000000000629,52.40372832095247
14.600000000006352,52.41425273515708
14.650000000006413,52.402719655866605
14.700000000006474,52.402091250856394
14.750000000006535,52.40363472926628
14.800000000006596,52.390645359630334
14.850000000006657,52.4076700613907
14.900000000006719,52.39637188852033
14.95000000000678,52.40865685686782
15.00000000000684,52.40342427173319
15.050000000006902,52.40632027448164
15.100000000006963,52.41426541140556
15.150000000007024,52.399310886140476
15.200000000007085,52.40454604888395
15.250000000007146,52.412811172574074
15.300000000007207,52.40545574402931
15.350000000007268,52.41618816292066
15.40000000000733,52.410850709172436
15.45000000000739,52.40873320205814
15.500000000007452,52.40601057233022
15.550000000007513,52.410101458714315
15.600000000007574,52.40952393243064
15.650000000007635,52.4101594278685
15.700000000007696,52.408218827191206
15.750000000007757,52.40167565305448
15.800000000007818,52.40749611196964
15.85000000000788,52.40835776075322
15.90000000000794,52.410363078110244
15.950000000008002,52.41893192514578
16.00000000000806,52.40597708656472
16.050000000007945,52.410735656110205
16.100000000007828,52.41715719292998
16.15000000000771,52.41228568494092
16.200000000007595,52.409766834001296
16.25000000000748,52.39771337855614
16.300000000007362,52.403555123445294
16.350000000007245,52.40354600788074
16.40000000000713,52.406962111549554
16.450000000007012,52.407854238443115
16.500000000006896,52.41058234581243
16.55000000000678,52.409724124046626
16.600000000006663,52.403468120465654
16.650000000006546,52.40983381888777
16.70000000000643,52.40359720569211
16.750000000006313,52.40932063432855
16.800000000006197,52.41922596843475
16.85000000000608,52.39871219975827
16.900000000005964,52.40284726753774
16.950000000005847,52.4054303824061
17.00000000000573,52.40579470159596
17.050000000005614,52.41397690619155
17.100000000005497,52.39801152286976
17.15000000000538,52.40062867419484
17.200000000005264,52.407803327329525
17.250000000005148,52.41160613643166
17.30000000000503,52.42413582981886
17.350000000004915,52.41124727451607
17.4000000000048,52.41156732271751
17.45000000000468,52.39836238484908
17.500000000004565,52.40473554809765
17.55000000000445,52.39760271677779
17.600000000004332,52.40387265903458
17.650000000004216,52.40500207953012
17.7000000000041,52.40716422502001
17.750000000003983,52.39861346710024
17.800000000003866,52.40859067954308
17.85000000000375,52.39941034845324
17.900000000003633,52.406937816139326
17.950000000003516,52.41101680423202
18.0000000000034,52.39292961967322
18.050000000003283,52.40409214109232
18.100000000003167,52.40080919273439
18.15000000000305,52.40586660285952
18.200000000002934,52.40591371211136
18.250000000002817,52.41383936338084
18.3000000000027,52.41431980384923
18.350000000002584,52.41934991803155
18.400000000002468,52.408846931702975
18.45000000000235,52.41955618283232
18.500000000002235,52.410932445638664
18.550000000002118,52.41334292482065
18.600000000002,52.413463374389686
18.650000000001885,52.40298740665497
18.70000000000177,52.40615914988885
18.750000000001652,52.400799307893834
18.800000000001535,52.39807633971564
18.85000000000142,52.40410236894628
18.900000000001302,52.408307826816035
18.950000000001186,52.40578082279724
19.00000000000107,52.4178087056025
19.050000000000953,52.40706910502101
19.100000000000836,52.411216357455764
19.15000000000072,52.41113131951334
19.200000000000603,52.404386253162045
19.250000000000487,52.3994810822247
19.30000000000037,52.39702419717983
19.350000000000254,52.40002683725343
19.400000000000137,52.40961108543691
19.45000000000002,52.40708943474218
19.499999999999904,52.411447861454455
19.549999999999788,52.41131093032501
19.59999999999967,52.40343311662655
19.649999999999554,52.408346900962165
19.699999999999438,52.39916966789995
19.74999999999932,52.40217092167408
19.799999999999205,52.405161232407956
19.84999999999909,52.39778769560457
19.899999999998972,52.40059608369211
19.949999999998855,52.4036637872429
19.99999999999874,52.39678130629356
20.049999999998622,52.40578294676474
20.099999999998506,52.399625047243575
20.14999999999839,52.394436816569154
20.199999999998273,52.400488160678805
20.249999999998156,52.40205981471285
20.29999999999804,52.39705271648517
20.349999999997923,52.400747457889565
20.399999999997807,52.40480821841462
20.44999999999769,52.384989797342456
20.499999999997573,52.396042473671194
20.549999999997457,52.37984881637507
20.59999999999734,52.38881409052495
20.649999999997224,52.397454168156045
20.699999999997107,52.39329107433386
20.74999999999699,52.396240367253185
20.799999999996874,52.39996273804235
20.849999999996758,52.40458829362252
20.89999999999664,52.405834839061384
20.949999999996525,52.398235450301094
20.999999999996408,52.392255575405024
21.04999999999629,52.38526623854574
21.099999999996175,52.3895857464807
21.14999999999606,52.40174587664637
21.199999999995942,52.39015407450711
21.249999999995826,52.414372694245884
21.29999999999571,52.39683551710262
21.349999999995593,52.41323124668979
21.399999999995476,52.397347908345964
21.44999999999536,52.391884302236065
21.499999999995243,52.39245856588574
21.549999999995126,52.39738564293682
21.59999999999501,52.39286635918667
21.649999999994893,52.403162548275766
21.699999999994777,52.40505144274286
21.74999999999466,52.40622487056726
21.799999999994544,52.40296830118671
21.849999999994427,52.40265155223556
21.89999999999431,52.395941351271496
21.949999999994194,52.37943715065091
21.999999999994078,52.394680732266394
22.04999999999396,52.39213199753592
22.099999999993845,52.4039158304213
22.149999999993728,52.38777916187538
22.19999999999361,52.407751588398376
22.249999999993495,52.38667004038339
22.29999999999338,52.40104779472884
22.349999999993262,52.39542202496933
22.399999999993145,52.39382578170436
22.44999999999303,52.40694823430897
22.499999999992912,52.40643688657429
22.549999999992796,52.40107191117555
22.59999999999268,52.39682773931261
22.649999999992563,52.39596345415606
22.699999999992446,52.3923498508921
22.74999999999233,52.394832720371035
22.799999999992213,52.390408064692814
22.849999999992097,52.40769760908441
22.89999999999198,52.40184392372278
22.949999999991864,52.40692051366171
22.999999999991747,52.406823587555785
23.04999999999163,52.40977884770636
23.099999999991514,52.40250038727405
23.149999999991397,52.40214693522077
23.19999999999128,52.40538672688301
23.249999999991164,52.40561675999748
23.299999999991048,52.40301739951563
23.34999999999093,52.40215457277817
23.399999999990815,52.402732861771405
23.4499999999907,52.39582059413674
23.49999999999058,52.39319602422857
23.549999999990465,52.394064008854826
23.59999999999035,52.406508690565396
23.649999999990232,52.411657912535574
23.699999999990116,52.41314751446873
23.74999999999,52.409110371785566
23.799999999989883,52.39655629617748
23.849999999989766,52.40443952151896
23.89999999998965,52.40037033590799
23.949999999989533,52.39528618453793
23.999999999989416,52.4007229919743
24.0499999999893,52.40259895254332
24.099999999989183,52.41039843008235
24.149999999989067,52.40272458125864
24.19999999998895,52.40032283756632
24.249999999988834,52.394128165939684
24.299999999988717,52.396556312649246
24.3499999999886,52.38751469297516
24.399999999988484,52.400957481369346
24.449999999988368,52.39989871184126
24.49999999998825,52.407404857493546
24.549999999988135,52.40259257752455
24.599999999988018,52.39792672265499
24.6499999999879,52.398727864408094
24.699999999987785,52.391973636193235
24.74999999998767,52.39326396536787
24.799999999987552,52.37704531839883
24.849999999987435,52.39426799431927
24.89999999998732,52.38550263911087
24.949999999987202,52.39577533100263
24.999999999987086,52.388085364444215
