56.71895
55.76615
55.26219
55.38945
55.53639
55.60614
55.37423
55.39339
55.40489
55.36505
55.53899
55.56147
55.54852
55.63212
55.52152
55.35776
55.40698
55.37612
55.25261
55.44447
55.56199
55.66158
55.53992
55.54585
55.56550
55.52582
55.69128
55.51219
55.49862
55.53295
55.54219
55.54146
55.52057
55.50358
55.53524
55.65072
55.44699
55.41098
55.52727
55.45133
55.29089
55.26338
55.40175
55.40087
55.59935
55.61671
55.53670
55.40340
55.46594
55.61409
55.68003
55.53860
55.36323
55.44127
55.55819
55.55927
55.52205
55.50834
55.62287
55.62849
55.41149
55.36535
55.76204
55.60917
55.50698
55.47074
55.48837
55.39781
55.39373
55.61186
55.43209
55.44563
55.35874
55.26405
55.65731
55.63360
55.63170
55.64647
55.43881
55.44838
55.66636
55.49733
55.57080
55.56014
55.41897
55.57103
55.69300
55.66000
55.55373
55.64218
55.63773
55.52535
55.59031
55.49455
55.38753
55.43161
55.65860
55.50397
55.72744
55.61075
55.64821
55.58380
55.49697
55.29993
55.56637
55.65356
55.64686
55.57656
55.63097
55.51093
55.64184
55.49683
55.54533
55.44936
55.35802
55.45119
55.62762
55.34765
55.47839
55.53008
55.68364
55.65957
55.69038
55.50956
55.56292
55.63447
55.67056
55.46002
55.32937
55.57191
55.63612
55.50971
55.34808
55.46464
55.65981
55.57590
55.57504
55.59529
55.57504
55.33711
55.57059
55.36292
55.44426
55.53406
55.42637
55.40460
55.68354
55.52714
55.63141
55.49997
55.63831
55.71910
55.71551
55.37990
55.56058
55.76877
55.50560
55.49554
55.50339
55.55575
55.50555
55.54396
55.53033
55.49620
55.62343
55.57881
55.44574
55.46496
55.56624
55.47169
55.51007
55.53941
55.38832
55.42541
55.69775
55.43881
55.48269
55.39698
55.54559
55.57703
55.66206
55.48146
55.63021
55.52197
55.43822
55.68186
55.41717
55.46844
55.59257
55.57798
55.36082
55.51088
55.55656
55.56626
55.49292
55.32802
55.64377
55.42809
55.58403
55.48584
55.65232
55.49887
55.52094
55.66438
55.53598
55.39698
55.42056
55.49904
55.57915
55.54268
55.31821
55.61100
55.61606
55.58708
55.56075
55.56220
55.52664
55.48538
55.39541
55.49823
55.72365
55.45969
55.57014
55.58461
55.70203
55.45828
55.58525
55.80373
55.64262
55.40528
55.59574
55.43338
55.51480
55.74802
55.58000
55.56150
55.54488
55.50338
55.55472
55.55250
55.53402
55.55741
55.41972
55.52187
55.62009
55.29530
55.45506
55.58409
55.68064
55.57285
55.53092
55.53336
55.76629
55.51757
55.44713
55.52189
55.59478
55.58126
55.16688
55.69272
55.50483
55.54535
55.47030
55.51806
55.65205
55.46268
55.63917
55.51853
55.68216
55.37361
55.64673
55.56975
55.51423
55.48274
55.39392
55.62584
55.49253
55.74779
55.43041
55.54495
55.73566
55.62577
55.47136
55.46417
55.60343
55.56445
55.59425
55.62595
55.40160
55.37798
55.51490
55.53526
55.56349
55.41525
55.50027
55.49232
55.52749
55.48134
55.56524
55.45315
55.55697
55.61575
55.45414
55.71554
55.44894
55.54012
55.47233
55.59747
55.42406
55.36449
55.60940
55.53204
55.69937
55.52025
55.42250
55.49815
55.63271
55.48020
55.69048
55.72264
55.38872
55.57892
55.58342
55.36698
55.38534
55.61698
55.42619
55.58228
55.49321
55.69975
55.68551
55.70842
55.63451
55.47534
55.62441
55.51629
55.57196
55.38429
55.63161
55.68168
55.65354
55.48837
55.57734
55.58788
55.62196
55.72578
55.55503
55.62337
55.59621
55.47239
55.62969
55.72339
55.57030
55.62349
55.58900
55.44107
55.40995
55.52171
55.68427
55.46859
55.45106
55.54598
55.72645
55.72411
55.59501
55.46919
55.60754
55.60223
55.57243
55.58034
55.57800
55.68547
55.49041
55.48393
55.49913
55.43611
55.43841
55.36079
55.55967
55.54596
55.62703
55.58380
55.69313
55.62367
55.52126
55.46765
55.63787
55.60699
55.46912
55.67637
55.44732
55.58043
55.72389
55.53664
55.55204
55.77796
55.53614
55.50132
55.62129
55.45432
55.56356
55.68127
55.60911
55.56611
55.62904
55.56290
55.52953
55.56503
55.36088
55.54081
55.67408
55.40905
55.51420
55.59886
55.65498
55.66411
55.55579
55.39472
55.50248
55.64743
55.45461
55.46478
55.58684
55.67669
55.56026
55.68963
55.67646
55.52793
55.68311
55.56629
55.47441
55.61673
55.48999
55.56250
55.49486
55.54799
55.65107
55.62521
55.60739
55.53993
55.62360
55.64840
55.73706
55.51763
55.39385
55.68660
55.68703
55.62909
55.43613
55.34865
55.53801
55.49698
55.36610
55.50477
55.64736
55.50450
55.55029
55.55251
55.56656
55.42537
55.42297
55.46939
55.49443
55.65601
55.63646
55.41340
55.44666
55.70678
55.67092
55.58569
55.49210
55.51775
55.53610
55.41275
55.37515
55.56662
55.69663
55.48484
55.62571
55.41815
55.48803
55.38765
55.45048
55.50283
55.67780
55.55860
55.35550
55.29731
55.36943
55.53857
55.64859
55.54912
55.50795
55.46216
55.37652
55.53427
55.67537
55.63256
55.47401
55.45638
55.62591
