44.33302
44.32920
44.33349
44.34046
44.34020
44.34223
44.34841
44.35327
44.35701
44.35768
44.35015
44.33782
44.33166
44.33345
44.33954
44.33676
44.32778
44.33448
44.34937
44.35582
44.36122
44.36157
44.36235
44.36583
44.36717
44.37177
44.37315
44.36454
44.36609
44.37105
44.37746
44.38105
44.37569
44.36904
44.37197
44.37051
44.36110
44.36949
44.37702
44.37929
44.36899
44.36468
44.36028
44.36263
44.36771
44.36946
44.36380
44.36569
44.36405
44.36416
44.36960
44.36264
44.35795
44.35366
44.35739
44.36206
44.36655
44.36691
44.37069
44.37372
44.37600
44.37456
44.37554
44.38132
44.38214
44.38163
44.37371
44.37736
44.37284
44.36697
44.36469
44.37243
44.36995
44.37628
44.38077
44.37951
44.38114
44.38130
44.38542
44.38526
44.38597
44.38186
44.37920
44.38159
44.38301
44.38294
44.38828
44.37860
44.37428
44.36709
44.36362
44.35835
44.36247
44.36451
44.36839
44.36859
44.37882
44.38332
44.38217
44.38199
44.37859
44.37341
44.36814
44.35735
44.36584
44.36398
44.36291
44.35982
44.35831
44.34584
44.35191
44.36182
44.36195
44.37006
44.37309
44.37453
44.37048
44.36709
44.37214
44.37768
44.37929
44.38008
44.37919
44.37777
44.38090
44.38516
44.39414
44.38779
44.38863
44.39215
44.39408
44.39029
44.38525
44.38357
44.37249
44.37569
44.37797
44.38660
44.38840
44.37912
44.37842
44.38057
44.37688
44.37924
44.38639
44.39016
44.38523
44.39428
44.38650
44.37993
44.37752
44.37833
44.39086
44.39834
44.40178
44.40025
44.39168
44.38871
44.40128
44.40386
44.40458
44.40289
44.39845
44.40515
44.40146
44.39846
44.39396
44.39800
44.40631
44.40190
44.39175
44.40080
44.40766
44.40890
44.39954
44.40203
44.39261
44.39290
44.39193
44.38937
44.39548
44.39082
44.38313
44.38641
44.39005
44.38861
44.39136
44.39335
44.38262
44.38978
44.38666
44.37746
44.38176
44.39466
44.39748
44.39820
44.40608
44.40886
44.40744
44.40640
44.40503
44.40058
44.40130
44.40003
44.39695
44.39714
44.40018
44.40724
44.40905
44.41250
44.41488
44.41932
44.42020
44.42514
44.42734
44.42150
44.41997
44.41605
44.41014
44.40006
44.40149
44.40210
44.40098
44.39988
44.39797
44.39048
44.39036
44.39544
44.39599
44.39643
44.38957
44.39034
44.38691
44.38714
44.38975
44.38055
44.38181
44.37795
44.37269
44.36842
44.36153
44.36008
44.37024
44.37721
44.37848
44.38114
44.37635
44.38080
44.38324
44.39080
44.38878
44.39042
44.39079
44.39339
44.38062
44.37600
44.37117
44.38121
44.37671
44.37666
44.37740
44.38433
44.39163
44.40029
44.39763
44.38904
44.38438
44.37679
44.37288
44.37593
44.36280
44.37002
44.37567
44.37873
44.38393
44.37647
44.37831
44.38080
44.38414
44.37537
44.37102
44.36794
44.36582
44.36580
44.37172
44.37675
44.37776
44.38551
44.37594
44.36948
44.36793
44.36939
44.37376
44.37783
44.37332
44.37253
44.36776
44.35514
44.34829
44.34766
44.34139
44.34813
44.34897
44.35547
44.35323
44.35270
44.35375
44.35110
44.33621
44.33934
44.33387
44.32538
44.32164
44.32104
44.32253
44.32885
44.33280
44.33336
44.34038
44.35404
44.37276
44.37227
44.37162
44.38144
44.38308
44.38338
44.38160
44.38199
44.38283
44.38151
44.38324
44.38002
44.37663
44.37631
44.38072
44.37967
44.38171
44.37734
44.38204
44.37196
44.37524
44.38351
44.38432
44.38818
44.37827
44.37868
44.37844
44.36556
44.36255
44.35919
44.35746
44.36289
44.37169
44.37748
44.38077
44.38616
44.38489
44.38570
44.37762
44.36699
44.35980
44.35663
44.35222
44.34805
44.36187
44.36449
44.37442
44.38042
44.38201
44.37281
44.37100
44.37078
44.37853
44.37379
44.37950
44.37528
44.38008
44.38396
44.38677
44.38906
44.39755
44.39325
44.39145
44.39437
44.39950
44.39902
44.39153
44.38347
44.37857
44.37906
44.39336
44.39264
44.39621
44.39320
44.39009
44.39157
44.39873
44.39726
44.39710
44.40462
44.39869
44.39006
44.38178
44.37904
44.37640
44.36860
44.36949
44.36963
44.37246
44.36865
44.37501
44.38460
44.38675
44.38107
44.37755
44.37530
44.36784
44.36538
44.36332
44.36157
44.36040
44.36786
44.36532
44.37073
44.36905
44.36670
44.36771
44.37888
44.36973
44.37692
44.36111
44.36169
44.37191
44.37208
44.37277
44.36723
44.37026
44.37297
44.36771
44.36573
44.35875
44.36368
44.36096
44.36030
44.36516
44.37082
44.37368
44.37515
44.37891
44.38365
44.38899
44.40066
44.39639
44.39712
44.39794
44.39712
44.40078
44.40011
44.39737
44.39072
44.39668
44.39648
44.39407
44.40561
44.40742
44.40381
44.39758
44.39425
44.39176
44.39251
44.38659
44.38592
44.39180
44.39159
44.40456
44.41413
44.41827
44.42336
44.42884
44.42771
44.43556
44.43359
44.43308
44.43735
44.43628
44.43548
44.42880
44.42034
44.42041
44.42175
44.42894
44.42552
44.42029
44.41997
44.41958
44.41806
44.41617
44.41685
44.41011
44.40662
