-11.11800
-13.27328
-11.69811
-13.10287
-12.20484
-11.63381
-10.40554
-11.44525
-11.45819
-11.27686
-10.44572
-11.61218
-10.54190
-12.12371
-10.89710
-11.40729
-10.92589
-10.36885
-10.51538
-10.14784
-10.17720
-9.94544
-13.21088
-10.22298
-10.99007
-11.39315
-11.39150
-9.68266
-11.03591
-11.26514
-11.19438
-9.59484
-11.33554
-10.13046
-11.94685
-11.46497
-11.16919
-10.51455
-9.30117
-9.01325
-11.34359
-10.42553
-12.84224
-10.60112
-11.12834
-10.33132
-10.54319
-11.22961
-10.63075
-11.04350
-8.63961
-12.08242
-6.76831
-9.94656
-11.11611
-11.40222
-9.99308
-11.26917
-10.82643
-10.77822
-12.19459
-9.96186
-11.76228
-11.78537
-10.95785
-9.52872
-11.03806
-9.34777
-12.60416
-10.89670
-10.55144
-10.63189
-11.90313
-11.58975
-12.57593
-9.66779
-11.44101
-9.63506
-10.66322
-9.84556
-10.96813
-11.96864
-11.00624
-11.15871
-11.11889
-8.78455
-10.59456
-10.45731
-11.37693
-9.79416
-9.86913
-11.21991
-10.79598
-10.43226
-10.55534
-12.63234
-9.41362
-11.52100
-11.04638
-10.02384
-8.70652
-9.62057
-12.16179
-10.70764
-12.56089
-12.26192
-11.04304
-11.92790
-10.32163
-11.44352
-9.99482
-10.47888
-11.68241
-10.98851
-12.34013
-8.79558
-10.41911
-8.31108
-10.43486
-11.53431
-9.81178
-11.30545
-10.17806
-9.82118
-9.18358
-10.61054
-12.43309
-12.03810
-11.37465
-10.30055
-10.58249
-10.56348
-8.39297
-12.07686
-11.30743
-11.37102
-10.11396
-12.01404
-11.34093
-9.77036
-11.89851
-11.45279
-11.16295
-10.85112
-10.37989
-9.55800
-9.31149
-11.33995
-9.77140
-10.87283
-11.93130
-10.46431
-11.85943
-10.61012
-11.85962
-12.70523
-11.20979
-10.41588
-9.59595
-10.22571
-9.68685
-9.96959
-10.49706
-11.07233
-10.99512
-10.36418
-11.49544
-10.50808
-11.22626
-11.18220
-10.03384
-9.76779
-10.52106
-11.20749
-10.65702
-12.40574
-11.31275
-11.06933
-9.16933
-10.45040
-10.00186
-11.45618
-11.88939
-10.39854
-12.12424
-10.64124
-9.85339
-10.93746
-9.68760
-11.26991
-10.30469
-11.39274
-12.13654
-10.89321
-11.44312
-11.51934
-10.31703
-10.86220
-10.03777
-12.39556
-9.57048
-11.75956
-10.19013
-12.17754
-11.53658
-10.54814
-11.05903
-9.41718
-10.25784
-7.97207
-12.94006
-10.48985
-11.13878
-10.20280
-11.91601
-9.54156
-10.54296
-10.24097
-12.23900
-11.98502
-10.77265
-9.66556
-10.01778
-11.22086
-11.49504
-9.34837
-11.27448
-8.27082
-10.77225
-11.34431
-10.63913
-12.04963
-11.63011
-10.53984
-10.37399
-11.98505
-9.33706
-10.43647
-11.43334
-10.06214
-11.26699
-11.75889
-12.16927
-9.96802
-10.38119
-9.66179
-10.34271
-12.50411
-11.74254
-8.93760
-12.16728
-9.36782
-9.99109
-10.52105
-11.59935
-9.79348
-12.03419
-9.82022
-10.47994
-9.77434
-12.11464
-12.18886
-10.82771
-11.28488
-9.84999
-10.47696
-11.33441
-9.96389
-12.53870
-9.96446
-9.79263
-11.26515
-8.95089
-11.64977
-11.34486
-10.78958
-10.01533
-11.83982
-10.19553
-11.95044
-10.67245
-10.68281
-10.84761
-11.58855
-10.60502
-10.47812
-9.84690
-9.74385
-10.27317
-9.78722
-11.75171
-11.45855
-11.95269
-11.39649
-11.65704
-9.18239
-10.79813
-11.38253
-11.35844
-10.40840
-10.39373
-10.91769
-11.26773
-11.09733
-9.61468
-11.07333
-9.40894
-10.85211
-10.67816
-13.10446
-11.48751
-11.14316
-10.67930
-9.26302
-10.21416
-10.45745
-10.92712
-10.39066
-11.31164
-11.02194
-11.41357
-10.70039
-10.94321
-9.42599
-12.28973
-10.59069
-11.91826
-10.44303
-12.14415
-9.97395
-10.19701
-9.55165
-10.39390
-13.16554
-12.09672
-11.25379
-11.24626
-9.60575
-9.39983
-9.16937
-10.11404
-10.36645
-12.01313
-10.34094
-9.37060
-10.40340
-10.14995
-11.64318
-9.94816
-9.30823
-10.06517
-10.24358
-10.35824
-10.63086
-13.11862
-11.97883
-10.65987
-10.52106
-9.68067
-9.45746
-10.69484
-13.64791
-8.49523
-11.26313
-10.50597
-11.45040
-10.68758
-12.19135
-10.68138
-11.67852
-10.44296
-11.05145
-10.28233
-11.84322
-10.47829
-10.31096
-11.24065
-10.85944
-12.68217
-11.15516
-11.24175
-10.81320
-10.48934
-11.70036
-10.85080
-12.25849
-9.72137
-13.22719
-10.12598
-12.90218
-11.10603
-10.48827
-10.32850
-10.55737
-10.88480
-10.66939
-11.39708
-11.74972
-10.72633
-12.16525
-12.43666
-10.39989
-9.93309
-12.39576
-10.35043
-11.43198
-11.43271
-11.40484
-12.16309
-11.24251
-9.97204
-12.13504
-11.05330
-12.99014
-11.73771
-12.25578
-10.11205
-11.56345
-10.21798
-12.29953
-12.04314
-11.51082
-10.55144
-10.17024
-12.01789
-12.69989
-12.19333
-10.36544
-11.77092
-11.74768
-11.27094
-10.63722
-11.20058
-12.42853
-10.15576
-11.58638
-7.81917
-12.02661
-10.40324
-11.67904
-13.50322
-10.96573
-9.66147
-10.60099
-11.51566
-12.41900
-11.10830
-12.27319
-11.43352
-11.74347
-10.75834
-11.20435
-12.01125
-10.44643
-11.99107
-11.42018
-11.23816
-9.81995
-12.02611
-11.93330
-10.53351
-11.19581
-10.64776
-11.22242
-10.19088
-12.35550
-11.54428
-9.96013
-10.73938
-8.43863
-10.67649
-11.46584
-11.32287
-10.91670
-10.39604
-11.79431
-10.78300
-11.76896
-8.95894
-11.67243
-9.44718
-10.92123
-9.60141
-10.34006
-8.17851
-10.13918
-10.48349
-10.47818
-8.89799
-10.75040
-10.85352
-8.43445
-11.75382
-8.84282
-9.68801
-9.17792
-9.76399
-9.62652
-11.34935
-11.81281
-10.67633
