66.18941
64.98253
65.03010
65.02186
64.95522
65.02189
65.03491
65.05513
64.82733
65.10508
65.04365
64.82217
64.92263
64.79667
64.74656
65.02283
64.87432
64.87780
64.89035
65.37838
65.14914
64.93252
65.04394
64.85566
64.91522
65.01530
65.04386
65.07711
65.09348
64.89268
64.90574
64.95953
64.80028
65.04274
64.90582
65.01001
64.92881
65.03608
64.80711
65.11080
65.10355
65.00653
65.07370
64.93374
64.95985
64.95033
64.89824
65.11721
65.16701
65.02508
65.04622
65.04407
64.97864
65.00496
65.13806
65.06609
65.24448
64.83590
65.18784
64.98007
65.03793
65.11377
65.11055
65.19638
65.03235
65.13622
65.15765
65.16890
64.89623
64.99539
65.05091
65.03812
65.00306
64.98211
65.04660
64.85857
64.99813
65.00220
65.16790
65.04195
64.91219
65.05867
64.99899
65.08895
64.79741
65.07023
65.04873
65.14928
65.07752
65.15186
65.23687
65.02969
65.07688
65.07935
64.96379
65.07959
64.96698
65.16465
65.08165
65.12077
64.92187
65.04935
64.88851
65.04900
64.99674
65.00468
65.09745
65.14653
65.01213
64.98711
65.26220
65.18151
64.92243
65.02148
64.94364
65.12395
64.88796
65.09790
65.03055
64.91664
65.08385
65.08466
65.00473
65.13427
64.80504
65.04690
64.98219
65.10198
65.06642
64.82780
64.98268
64.78396
65.23082
65.07958
65.05211
64.99044
65.01692
65.07406
65.02902
65.12017
64.96449
64.94225
65.04419
64.92756
64.97345
65.09549
65.04750
64.99163
65.07140
64.81271
65.10709
64.87795
64.97422
64.92009
65.11446
65.00577
65.06222
65.06817
64.99708
65.19497
65.05585
65.08765
65.05237
64.89046
64.98829
65.12022
64.91708
65.10499
64.96189
64.81452
65.03362
65.01567
64.90440
65.08380
65.00365
65.08486
65.00785
65.07275
65.11576
65.10413
64.94382
64.99053
64.86095
65.18404
65.09011
65.04266
64.83337
65.03880
64.88351
65.13815
64.99479
65.04133
64.98949
65.06413
65.00389
64.93294
65.27909
64.91321
65.01823
64.97005
64.81388
65.01860
64.83664
65.10350
64.84695
64.90026
64.99188
65.11941
65.06846
64.96985
65.14367
65.01152
65.08713
64.90546
64.94574
64.97555
64.97339
64.97138
65.07220
65.06105
64.92984
64.93111
65.04023
65.05221
64.97407
64.90604
64.95402
64.85261
65.09154
64.94523
65.10554
65.13923
64.89125
64.92982
65.11771
65.14881
65.17608
65.06524
65.01191
65.05568
64.97984
65.19869
65.02909
64.87382
65.00029
65.19815
65.22849
64.94462
65.09038
65.17176
64.99874
64.88494
64.97768
65.09960
65.20025
65.10448
64.92799
65.09613
64.96036
65.00552
65.06148
64.92149
65.09438
64.79038
65.00847
64.89210
65.01453
65.10367
64.89128
64.95183
65.07745
65.09493
64.88609
65.25056
65.00046
64.96868
65.23129
64.98668
65.12883
65.13138
65.00779
65.06664
64.91727
65.07957
64.97426
65.18819
65.00873
64.89321
65.02897
65.08123
65.18843
64.87912
65.13734
65.08258
65.04783
65.15644
65.12650
65.07590
65.03543
64.99787
64.80352
65.17780
64.96557
65.12575
65.00486
64.93159
65.21699
64.94662
65.01976
64.99912
65.16792
64.95281
65.05775
65.04938
65.07183
65.05475
64.93371
65.00286
65.02905
64.95540
65.08839
65.04824
64.96115
65.06803
64.94678
64.88684
64.89328
64.93780
65.05756
64.90750
64.93510
65.10753
65.21042
64.99767
65.05158
65.09558
65.15461
65.06106
65.01845
64.96937
64.92044
65.00853
64.94735
65.04618
64.96568
64.90344
65.04187
64.97416
65.15564
65.02881
65.10764
65.26942
65.02371
65.02661
65.18354
65.12025
65.07981
65.17098
64.98803
65.04869
65.16760
65.06293
65.12452
65.13923
65.06708
65.09700
64.96858
65.04835
65.14319
65.09635
65.00125
65.14259
65.10944
65.10508
65.07334
65.06046
65.14378
65.11490
65.06967
64.96515
65.14223
65.05173
65.02377
64.97112
65.10713
65.16443
65.16651
65.02947
65.05165
65.08929
65.05064
65.09966
65.06178
65.21290
65.06905
65.06546
64.98469
64.95466
64.91323
65.05226
65.00898
65.01178
64.97749
65.08558
64.92164
65.13160
64.88281
65.10773
65.07101
64.78428
64.94995
65.01955
65.19957
65.16403
64.89830
65.00807
64.98118
65.09348
65.03081
64.89736
64.96389
65.03709
65.01015
65.13285
64.96133
65.06045
65.00497
65.10832
65.01478
65.03123
65.08936
65.04972
65.05049
64.86803
65.20195
65.07237
65.04456
64.96886
65.04505
64.97422
65.06782
65.04769
65.03297
65.13705
65.01299
65.07849
64.99713
65.08877
65.19828
65.16841
65.09733
65.03127
65.07119
64.99243
65.12731
64.97158
65.25911
65.13170
65.13804
65.12992
65.00763
65.14701
65.00965
65.16576
64.86882
65.05601
64.97730
65.09682
65.11543
65.05058
65.09874
64.99561
65.14546
65.15739
64.97222
65.05146
64.92223
65.23935
65.01697
64.93010
64.92649
65.05118
65.04051
65.04812
65.08636
65.26308
65.10598
65.15573
65.08084
64.91061
65.05621
65.06006
65.11506
65.25206
65.09611
65.06512
65.14342
65.18633
65.15842
65.00457
65.20525
